 357.5   3.697E-03   8.385E-05  -6.735E-05   3.222E-05  -3.110E-05   3.222E-05  -3.110E-05
 382.5   5.152E-03   6.711E-05  -5.713E-05   3.543E-05  -3.397E-05   3.543E-05  -3.397E-05
 407.5   5.019E-03   3.986E-05  -3.810E-05   2.461E-05  -2.368E-05   2.461E-05  -2.492E-05
 432.5   4.445E-03   2.591E-05  -1.878E-05   1.410E-05  -1.342E-05   1.410E-05  -1.624E-05
 457.5   3.773E-03   1.586E-05   0.000E+00   5.588E-06  -6.531E-06   1.294E-05  -6.531E-06
 482.5   3.122E-03   4.324E-05  -2.284E-06   2.133E-05  -8.177E-06   4.150E-05  -8.177E-06
 507.5   2.606E-03   0.000E+00  -3.234E-05   1.763E-06  -1.177E-05   1.763E-06  -1.177E-05
 532.5   2.127E-03   1.027E-05  -2.579E-05   6.273E-06  -6.213E-06   6.273E-06  -2.896E-05
 557.5   1.745E-03   1.207E-05  -2.172E-05   7.394E-06  -7.358E-06   7.394E-06  -7.358E-06
 582.5   1.420E-03   1.648E-05  -1.600E-05   7.791E-06  -7.921E-06   7.791E-06  -7.921E-06
 607.5   1.165E-03   1.828E-05  -1.729E-05   7.847E-06  -7.945E-06   7.847E-06  -7.945E-06
 632.5   9.584E-04   1.354E-05  -1.657E-05   7.618E-06  -7.724E-06   7.618E-06  -7.724E-06
 657.5   7.830E-04   1.305E-05  -1.655E-05   7.120E-06  -7.187E-06   7.120E-06  -7.187E-06
 682.5   6.472E-04   1.039E-05  -1.610E-05   6.647E-06  -6.810E-06   6.647E-06  -6.810E-06
 707.5   5.333E-04   9.993E-06  -1.098E-05   6.081E-06  -6.226E-06   6.081E-06  -6.226E-06
 732.5   4.425E-04   8.388E-06  -1.402E-05   5.517E-06  -5.712E-06   5.517E-06  -5.712E-06
 757.5   3.717E-04   6.949E-06  -1.224E-05   5.054E-06  -5.214E-06   5.070E-06  -5.214E-06
 782.5   3.042E-04   7.755E-06  -7.484E-06   4.492E-06  -4.627E-06   4.596E-06  -4.627E-06
 807.5   2.554E-04   6.087E-06  -8.662E-06   4.058E-06  -4.164E-06   4.218E-06  -4.164E-06
 832.5   2.140E-04   5.458E-06  -6.863E-06   3.646E-06  -3.730E-06   3.817E-06  -3.730E-06
 857.5   1.800E-04   4.535E-06  -6.903E-06   3.269E-06  -3.354E-06   3.473E-06  -3.364E-06
 882.5   1.517E-04   3.979E-06  -5.873E-06   2.911E-06  -2.992E-06   3.142E-06  -3.012E-06
 907.5   1.283E-04   3.494E-06  -5.078E-06   2.607E-06  -2.671E-06   2.854E-06  -2.699E-06
 932.5   1.066E-04   3.979E-06  -4.212E-06   2.287E-06  -2.341E-06   2.531E-06  -2.386E-06
 957.5   9.227E-05   2.875E-06  -4.315E-06   2.086E-06  -2.128E-06   2.324E-06  -2.174E-06
 982.5   7.795E-05   2.620E-06  -3.694E-06   1.853E-06  -1.887E-06   2.100E-06  -1.945E-06
1007.5   6.597E-05   2.436E-06  -2.395E-06   1.637E-06  -1.671E-06   1.862E-06  -1.725E-06
1032.5   5.694E-05   1.900E-06  -3.318E-06   1.478E-06  -1.510E-06   1.704E-06  -1.565E-06
1057.5   4.843E-05   1.809E-06  -2.647E-06   1.311E-06  -1.336E-06   1.537E-06  -1.386E-06
1082.5   4.151E-05   1.577E-06  -2.529E-06   1.172E-06  -1.194E-06   1.388E-06  -1.247E-06
1107.5   3.502E-05   1.965E-06  -1.730E-06   1.023E-06  -1.051E-06   1.223E-06  -1.095E-06
1132.5   3.027E-05   2.067E-06  -1.289E-06   9.196E-07  -9.395E-07   1.112E-06  -9.908E-07
1157.5   2.588E-05   1.409E-06  -1.144E-06   8.162E-07  -8.340E-07   9.966E-07  -8.778E-07
1182.5   2.304E-05   8.781E-07  -1.056E-06   7.520E-07  -7.693E-07   9.261E-07  -8.122E-07
1207.5   1.975E-05   8.532E-07  -1.074E-06   6.672E-07  -6.811E-07   8.293E-07  -7.221E-07
1232.5   1.695E-05   8.807E-07  -7.850E-07   5.933E-07  -6.061E-07   7.436E-07  -6.429E-07
1257.5   1.468E-05   7.378E-07  -9.282E-07   5.305E-07  -5.427E-07   6.716E-07  -5.785E-07
1282.5   1.300E-05   5.441E-07  -9.266E-07   4.854E-07  -4.974E-07   6.215E-07  -5.301E-07
1307.5   1.110E-05   5.872E-07  -8.197E-07   4.283E-07  -4.383E-07   5.531E-07  -4.688E-07
1332.5   9.666E-06   5.375E-07  -5.090E-07   3.834E-07  -3.926E-07   4.985E-07  -4.216E-07
1357.5   8.953E-06   3.823E-07  -6.735E-07   3.657E-07  -3.763E-07   4.801E-07  -4.060E-07
1382.5   6.926E-06   7.490E-07  -4.380E-07   2.909E-07  -2.990E-07   3.853E-07  -3.219E-07
1407.5   6.653E-06   3.073E-07  -6.450E-07   2.877E-07  -2.953E-07   3.842E-07  -3.196E-07
1432.5   5.543E-06   3.581E-07  -3.872E-07   2.464E-07  -2.539E-07   3.311E-07  -2.761E-07
1457.5   4.943E-06   3.197E-07  -4.726E-07   2.261E-07  -2.319E-07   3.064E-07  -2.522E-07
1482.5   4.488E-06   2.144E-07  -6.458E-07   2.105E-07  -2.173E-07   2.877E-07  -2.360E-07
1507.5   3.602E-06   3.897E-07  -2.360E-07   1.732E-07  -1.788E-07   2.388E-07  -1.956E-07
1532.5   3.326E-06   2.155E-07  -2.433E-07   1.651E-07  -1.691E-07   2.292E-07  -1.853E-07
1557.5   2.926E-06   1.917E-07  -2.178E-07   1.483E-07  -1.528E-07   2.073E-07  -1.673E-07
1582.5   2.578E-06   1.676E-07  -1.981E-07   1.336E-07  -1.379E-07   1.888E-07  -1.519E-07
1607.5   2.267E-06   1.543E-07  -1.757E-07   1.204E-07  -1.248E-07   1.712E-07  -1.372E-07
1632.5   1.999E-06   1.378E-07  -1.570E-07   1.087E-07  -1.128E-07   1.555E-07  -1.242E-07
1657.5   1.763E-06   1.237E-07  -1.407E-07   9.819E-08  -1.021E-07   1.416E-07  -1.124E-07
1682.5   1.556E-06   1.116E-07  -1.269E-07   8.879E-08  -9.212E-08   1.288E-07  -1.018E-07
1707.5   1.376E-06   9.993E-08  -1.144E-07   8.050E-08  -8.352E-08   1.176E-07  -9.206E-08
1732.5   1.216E-06   9.040E-08  -1.028E-07   7.272E-08  -7.556E-08   1.069E-07  -8.398E-08
1757.5   1.075E-06   8.063E-08  -9.151E-08   6.581E-08  -6.837E-08   9.732E-08  -7.599E-08
1782.5   9.530E-07   7.280E-08  -8.355E-08   5.947E-08  -6.198E-08   8.885E-08  -6.887E-08
1807.5   8.434E-07   6.656E-08  -7.440E-08   5.382E-08  -5.650E-08   8.097E-08  -6.249E-08
1832.5   7.466E-07   6.031E-08  -6.675E-08   4.876E-08  -5.092E-08   7.361E-08  -5.680E-08
1857.5   6.637E-07   5.354E-08  -6.031E-08   4.420E-08  -4.635E-08   6.737E-08  -5.160E-08
1882.5   5.886E-07   4.851E-08  -5.413E-08   3.983E-08  -4.192E-08   6.120E-08  -4.673E-08
1907.5   5.224E-07   4.409E-08  -4.905E-08   3.608E-08  -3.825E-08   5.603E-08  -4.263E-08
1932.5   4.650E-07   3.889E-08  -4.485E-08   3.289E-08  -3.469E-08   5.110E-08  -3.880E-08
1957.5   4.131E-07   3.554E-08  -3.991E-08   2.986E-08  -3.131E-08   4.668E-08  -3.505E-08
1982.5   3.668E-07   3.290E-08  -3.592E-08   2.699E-08  -2.856E-08   4.252E-08  -3.201E-08
2007.5   3.264E-07   2.974E-08  -3.240E-08   2.444E-08  -2.591E-08   3.893E-08  -2.906E-08
2032.5   2.915E-07   2.591E-08  -2.974E-08   2.236E-08  -2.358E-08   3.569E-08  -2.650E-08
2057.5   2.590E-07   2.400E-08  -2.626E-08   2.021E-08  -2.139E-08   3.239E-08  -2.391E-08
2082.5   2.307E-07   2.160E-08  -2.389E-08   1.825E-08  -1.947E-08   2.964E-08  -2.185E-08
2107.5   2.056E-07   1.965E-08  -2.119E-08   1.664E-08  -1.768E-08   2.710E-08  -1.994E-08
2132.5   1.835E-07   1.774E-08  -1.945E-08   1.511E-08  -1.607E-08   2.474E-08  -1.810E-08
2157.5   1.637E-07   1.596E-08  -1.777E-08   1.375E-08  -1.461E-08   2.265E-08  -1.646E-08
2182.5   1.460E-07   1.439E-08  -1.599E-08   1.247E-08  -1.330E-08   2.070E-08  -1.496E-08
2207.5   1.304E-07   1.300E-08  -1.467E-08   1.134E-08  -1.210E-08   1.890E-08  -1.367E-08
2232.5   1.161E-07   1.201E-08  -1.260E-08   1.029E-08  -1.097E-08   1.724E-08  -1.241E-08
2257.5   1.036E-07   1.086E-08  -1.167E-08   9.338E-09  -9.978E-09   1.577E-08  -1.129E-08
2282.5   9.323E-08   9.565E-09  -1.071E-08   8.553E-09  -9.162E-09   1.453E-08  -1.038E-08
2307.5   8.283E-08   8.848E-09  -9.567E-09   7.771E-09  -8.275E-09   1.319E-08  -9.386E-09
2332.5   7.410E-08   7.985E-09  -8.489E-09   7.064E-09  -7.555E-09   1.211E-08  -8.577E-09
2357.5   6.633E-08   7.309E-09  -7.850E-09   6.412E-09  -6.890E-09   1.108E-08  -7.819E-09
2382.5   5.915E-08   6.674E-09  -6.988E-09   5.828E-09  -6.250E-09   1.012E-08  -7.105E-09
2407.5   5.301E-08   5.965E-09  -6.356E-09   5.298E-09  -5.708E-09   9.257E-09  -6.492E-09
2432.5   4.737E-08   5.446E-09  -5.811E-09   4.825E-09  -5.186E-09   8.461E-09  -5.925E-09
2457.5   4.236E-08   4.915E-09  -5.240E-09   4.381E-09  -4.716E-09   7.742E-09  -5.379E-09
2482.5   3.810E-08   4.369E-09  -4.626E-09   3.996E-09  -4.320E-09   7.117E-09  -4.944E-09
2507.5   3.401E-08   4.039E-09  -4.346E-09   3.633E-09  -3.919E-09   6.503E-09  -4.469E-09
2532.5   3.027E-08   3.733E-09  -3.840E-09   3.316E-09  -3.548E-09   5.917E-09  -4.050E-09
2557.5   2.726E-08   3.291E-09  -3.499E-09   3.012E-09  -3.248E-09   5.447E-09  -3.706E-09
2582.5   2.442E-08   2.972E-09  -3.176E-09   2.741E-09  -2.962E-09   4.992E-09  -3.385E-09
2607.5   2.186E-08   2.713E-09  -2.897E-09   2.496E-09  -2.694E-09   4.568E-09  -3.086E-09
2632.5   1.960E-08   2.427E-09  -2.630E-09   2.273E-09  -2.455E-09   4.184E-09  -2.811E-09
2657.5   1.749E-08   2.253E-09  -2.316E-09   2.060E-09  -2.226E-09   3.812E-09  -2.549E-09
2682.5   1.569E-08   2.019E-09  -2.115E-09   1.878E-09  -2.030E-09   3.496E-09  -2.326E-09
2707.5   1.408E-08   1.837E-09  -1.979E-09   1.713E-09  -1.851E-09   3.206E-09  -2.122E-09
